1.钓鱼时间

level max min cost
0     100 50  0
1     100 40  5
2     90  40  5
3     80  40  5
4     80  30  5
5     70  30  10
6     60  30  20
7     50  30  30
8     50  20  40
9     40  20  50
10    40  10  60
11    40  9   70
12    40  7   80
13    40  5   90
14    40  3   100
15    35  3   150
16    30  3   200
17    25  3   200
18    20  3   200
19    10  3   300
20    5   3   350
21    4   3   400
22    4   2   500
23    3   2   600
24    3   1   700
25    2   1   700

2.钓鱼收益

level max min cost
0     20  10  0
1     20  12  20
2     20  15  20
3     30  15  20
4     30  20  30
5     40  20  40
6     40  25  50
7     40  30  60
8     50  35  70
9     50  40  80
10    55  40  80
11    60  40  80
12    60  45  80
13    60  50  90
14    70  60  100
15    70  60  150
16    80  60  200
17    80  70  200
18    90  80  200
19    100 85  300
20    105 85  350
21    110 90  400
22    120 95  500
23    130 100 600
24    135 100 700
25    140 100 700
26    145 100 700
27    150 100 700
28    170 100 700
29    200 100 700

3.脱钩概率

level slip cost
0     50%  0
1     40%  100
2     30%  100
3     20%  100
4     10%  100
5     5%  100
6     4%  100
7     3%  100
8     2%  100
9     1%  100
10    0%  500

4.钓鱼倍速

level speed cost
0     1     0
1     2     1000
2     3     1000
3     4     1000
4     5     1000
5     6     1000
6     7     1000
7     8     1000
8     9     1000
9     10    1000

5.大鱼概率

level big cost
0     20  0
1     30  1000
2     40  1000
3     50  1000
4     60  1000

6.自动钓鱼机

time   get    cost
min+20 max+20 2000


bug:
暂无